Liam	19837	1	18798	1	18218	2
Noah	18267	2	18410	2	19117	1
William	14516	3	14967	3	15761	3
James	13525	4	14291	4	14862	5
Oliver	13389	5	13193	9	13037	12
Benjamin	13381	6	13797	6	14641	6
Elijah	12886	7	13344	8	13902	9
Lucas	12585	8	12996	11	12881	14
Mason	12435	9	13549	7	15244	4
Logan	12352	10	14014	5	11244	18
Alexander	11989	11	12519	13	13408	11
Ethan	11854	12	12439	14	13819	10
Jacob	11770	13	13178	10	14510	7
Michael	11620	14	12639	12	14088	8
Daniel	11173	15	11691	15	12944	13
Henry	10649	16	10461	18	10374	22
Jackson	10323	17	10399	20	11284	17
Sebastian	10054	18	10172	23	10286	24
Aiden	9979	19	11303	17	12228	16
Matthew	9924	20	11671	16	12621	15
Samuel	9734	21	10395	21	10576	21
David	9697	22	10187	22	11110	19
Joseph	9555	23	10437	19	10918	20
Carter	9312	24	9787	24	10185	26
Owen	9288	25	9338	28	10294	23
Wyatt	9127	26	9688	25	9561	33
John	9119	27	9486	27	10013	28
Jack	8834	28	8454	35	8413	38
Luke	8577	29	9195	30	9984	29
Jayden	8553	30	9534	26	10121	27
Dylan	8549	31	9295	29	9694	32
Grayson	8538	32	8679	34	8673	37
Levi	8440	33	8418	37	8078	42
Isaac	8417	34	8851	32	9742	31
Gabriel	8335	35	9131	31	10229	25
Julian	8307	36	8422	36	8374	39
Mateo	8169	37	7757	42	6549	59
Anthony	8003	38	8833	33	9865	30
Jaxon	7701	39	7673	44	8114	41
Lincoln	7368	40	8179	41	7115	50
Joshua	7364	41	8284	39	9204	35
Christopher	7261	42	8285	38	9066	36
Andrew	7234	43	8251	40	9390	34
Theodore	7020	44	5950	60	4899	82
Caleb	6929	45	7125	49	7958	44
Ryan	6905	46	7674	43	8240	40
Asher	6802	47	6030	58	5502	71
Nathan	6790	48	7418	45	7981	43
Thomas	6779	49	7162	48	7348	48
Leo	6719	50	5950	60	5287	74
Isaiah	6614	51	7212	46	7519	47
Charles	6604	52	7162	48	7107	51
Josiah	6603	53	7016	50	6983	55
Hudson	6540	54	5781	62	6120	61
Christian	6509	55	6996	51	7633	46
Hunter	6066	56	6722	52	7651	45
Connor	6058	57	6404	55	7025	54
Eli	6027	58	6601	53	7100	52
Ezra	6000	59	5320	67	4865	84
Aaron	5953	60	7196	47	7157	49
Landon	5827	61	6343	56	7029	53
Adrian	5788	62	6219	57	6330	60
Jonathan	5712	63	6503	54	6957	56
Nolan	5607	64	5389	65	5626	67
Jeremiah	5561	65	5840	61	6583	58
Easton	5429	66	5502	64	5636	65
Elias	5310	67	4912	76	4478	93
Colton	5284	68	5278	68	5606	68
Cameron	5271	69	5954	59	6841	57
Carson	5227	70	4740	81	4918	81
Robert	5140	71	5528	63	5989	62
Angel	5032	72	5257	69	5544	70
Maverick	5014	73	4720	83	2954	139
Nicholas	4801	74	5348	66	5747	63
Dominic	4753	75	5094	72	5419	72
Jaxson	4734	76	4838	77	4898	83
Greyson	4728	77	4835	78	4315	96
Adam	4675	78	4919	75	5200	75
Ian	4675	78	5018	74	5070	78
Austin	4651	79	5039	73	5353	73
Santiago	4647	80	4197	91	3715	106
Jordan	4646	81	5132	71	5632	66
Cooper	4441	82	4604	86	4970	79
Brayden	4383	83	5155	70	5719	64
Roman	4364	84	4265	89	4210	98
Evan	4356	85	4721	82	5605	69
Ezekiel	4319	86	4742	80	3376	121
Xavier	4298	87	4489	87	4599	88
Jose	4292	88	4793	79	5113	77
Jace	4276	89	4631	85	5193	76
Jameson	4221	90	3922	98	3273	128
Leonardo	4205	91	4125	95	4321	95
Bryson	4194	92	4652	84	4353	94
Axel	4055	93	3778	102	3459	116
Everett	4001	94	3776	103	3508	114
Parker	3978	95	4364	88	4715	87
Kayden	3972	96	3984	96	4013	101
Miles	3964	97	3621	108	3735	105
Sawyer	3858	98	4162	93	4237	97
Jason	3847	99	4241	90	4862	85
Declan	3792	100	3462	113	3616	109
Weston	3760	101	3645	107	3401	120
Micah	3718	102	3683	105	3482	115
Ayden	3655	103	3945	97	4494	92
Wesley	3609	104	3564	109	3423	117
Luca	3589	105	3082	127	2747	151
Vincent	3552	106	3659	106	3828	104
Damian	3540	107	3334	116	3340	123
Zachary	3528	108	3800	101	4561	89
Silas	3479	109	3319	118	3408	119
Gavin	3449	110	4147	94	4931	80
Chase	3429	111	4168	92	4851	86
Kai	3421	112	3140	124	2884	145
Emmett	3416	113	3158	123	3042	136
Harrison	3394	114	3515	111	3660	107
Nathaniel	3351	115	3516	110	3874	103
Kingston	3330	116	3059	130	3133	132
Cole	3327	117	3460	114	3596	110
Tyler	3298	118	3762	104	4498	91
Bennett	3271	119	3176	121	2940	140
Bentley	3250	120	3808	100	4044	100
Ryker	3223	121	3075	128	2791	148
Tristan	3195	122	3290	119	3626	108
Brandon	3183	123	3486	112	4090	99
Kevin	3124	124	3818	99	4545	90
Luis	3084	125	3382	115	3554	113
George	3059	126	3161	122	3303	125
Ashton	3035	127	2944	134	3095	133
Rowan	3020	128	2841	136	2190	180
Braxton	2991	129	3330	117	3298	126
Ryder	2984	130	3252	120	3878	102
Gael	2922	131	2236	174	2247	176
Ivan	2897	132	3036	131	3158	131
Diego	2880	133	3095	126	3194	130
Maxwell	2876	134	3069	129	3578	111
Max	2857	135	3134	125	3416	118
Carlos	2839	136	3069	129	3198	129
Kaiden	2832	137	2811	137	2888	144
Juan	2826	138	2991	133	3342	122
Maddox	2797	139	3032	132	2901	143
Justin	2787	140	3134	125	3558	112
Waylon	2774	141	2420	158	2053	194
Calvin	2747	142	2698	142	2790	149
Giovanni	2747	142	2793	138	2928	141
Jonah	2697	143	2508	151	2766	150
Abel	2663	144	2699	141	3031	137
Jayce	2635	145	2898	135	2964	138
Jesus	2631	146	2745	140	3073	134
Amir	2584	147	2611	146	2436	164
King	2579	148	2677	143	2655	153
Beau	2576	149	2500	153	2119	186
Camden	2543	150	2660	144	3338	124
Alex	2505	151	2592	147	2841	146
Jasper	2484	152	2101	180	1907	207
Malachi	2473	153	2525	149	2618	155
Brody	2470	154	2547	148	3051	135
Jude	2468	155	2507	152	2516	160
Blake	2446	156	2613	145	3281	127
Emmanuel	2404	157	2511	150	2569	158
Eric	2389	158	2764	139	2920	142
Brooks	2368	159	1929	199	1669	231
Elliot	2358	160	2428	157	2236	178
Antonio	2352	161	2476	154	2555	159
Abraham	2344	162	2321	165	2579	157
Timothy	2330	163	2405	159	2658	152
Finn	2316	164	2377	163	2293	173
Rhett	2304	165	2197	176	1767	218
Elliott	2286	166	2435	156	2091	190
Edward	2268	167	2315	166	2503	162
August	2264	168	2052	186	2086	191
Xander	2257	169	2403	160	2006	199
Alan	2244	170	2440	155	2629	154
Dean	2241	171	2077	183	1963	203
Lorenzo	2241	171	1999	192	1870	208
Bryce	2228	172	2384	162	2839	147
Karter	2226	173	2276	171	2118	187
Victor	2213	174	2400	161	2457	163
Milo	2185	175	1698	219	1509	245
Miguel	2171	176	2272	172	2503	162
Hayden	2168	177	2280	169	2385	167
Graham	2165	178	2108	179	2246	177
Grant	2162	179	2288	168	2349	169
Zion	2153	180	1969	194	1838	211
Tucker	2152	181	2216	175	2305	171
Jesse	2126	182	2087	182	2294	172
Zayden	2126	182	2067	185	2125	183
Joel	2119	183	2255	173	2419	165
Richard	2119	183	2279	170	2515	161
Patrick	2111	184	2295	167	2355	168
Emiliano	2108	185	1872	203	1699	226
Avery	2098	186	2189	177	2117	188
Nicolas	2094	187	1912	201	2078	192
Brantley	2092	188	2323	164	2603	156
Dawson	2089	189	2008	191	1791	214
Myles	2085	190	1801	207	1697	227
Matteo	2084	191	2076	184	2385	167
River	2051	192	1963	195	1845	210
Steven	2022	193	2157	178	2391	166
Thiago	2020	194	1766	212	1369	259
Zane	2014	195	1946	197	1864	209
Matias	2007	196	1560	230	915	348
Judah	1993	197	1913	200	1673	230
Messiah	1983	198	1978	193	1785	216
Jeremy	1955	199	2041	188	2128	182
Preston	1954	200	2067	185	2309	170
Oscar	1945	201	2043	187	2258	174
Kaleb	1906	202	2099	181	2257	175
Alejandro	1895	203	2031	189	2205	179
Marcus	1880	204	2023	190	2174	181
Mark	1859	205	1940	198	2064	193
Peter	1812	206	1791	208	1921	205
Maximus	1803	207	1958	196	2120	185
Barrett	1802	208	1609	228	1387	256
Jax	1751	209	1711	217	1809	213
Andres	1736	210	1752	214	1786	215
Holden	1720	211	1527	236	1356	262
Legend	1718	212	1453	247	1138	301
Charlie	1716	213	1782	209	1707	225
Knox	1698	214	1634	227	1534	243
Kaden	1687	215	1849	204	2028	197
Paxton	1677	216	1904	202	1990	201
Kyrie	1673	217	1776	210	1261	276
Kyle	1668	218	1832	206	2024	198
Griffin	1662	219	1520	237	1694	228
Josue	1658	220	1536	234	1350	263
Kenneth	1655	221	1759	213	1914	206
Beckett	1647	222	1684	221	1836	212
Enzo	1646	223	1426	249	1147	298
Adriel	1642	224	1465	245	1594	238
Arthur	1642	224	1509	240	1342	264
Felix	1638	225	1511	238	1508	246
Bryan	1633	226	1835	205	2124	184
Lukas	1630	227	1730	215	1753	219
Paul	1625	228	1690	220	1935	204
Brian	1618	229	1770	211	1978	202
Colt	1615	230	1330	261	1030	324
Caden	1600	231	1710	218	1991	200
Leon	1595	232	1510	239	1309	268
Archer	1583	233	1455	246	1381	257
Omar	1577	234	1641	224	1733	221
Israel	1574	235	1591	229	1675	229
Aidan	1552	236	1725	216	2108	189
Theo	1541	237	1229	279	950	340
Javier	1539	238	1640	225	1630	234
Remington	1524	239	1501	241	1414	251
Jaden	1487	240	1635	226	1781	217
Bradley	1486	241	1644	223	2046	196
Emilio	1486	241	1393	252	1339	265
Colin	1472	242	1664	222	2049	195
Riley	1455	243	1465	245	1717	223
Cayden	1449	244	1530	235	1552	242
Phoenix	1444	245	1344	258	1234	283
Clayton	1438	246	1486	243	1374	258
Simon	1435	247	1376	254	1553	241
Ace	1434	248	1231	278	1037	322
Nash	1399	249	1280	272	1257	277
Derek	1398	250	1543	233	1710	224
Rafael	1393	251	1280	272	1238	282
Zander	1383	252	1554	231	1387	256
Brady	1377	253	1684	221	1750	220
Jorge	1377	253	1548	232	1722	222
Jake	1372	254	1498	242	1581	240
Louis	1368	255	1299	267	1242	280
Damien	1349	256	1346	257	1301	270
Karson	1335	257	1261	275	1099	308
Walker	1332	258	1099	301	1047	318
Maximiliano	1327	259	1196	284	1387	256
Amari	1312	260	1316	266	1358	261
Sean	1310	261	1473	244	1662	232
Chance	1304	262	1337	259	1338	266
Walter	1303	263	1362	256	1168	293
Martin	1286	264	1282	271	1395	254
Finley	1280	265	1292	268	1251	278
Andre	1275	266	1365	255	1394	255
Tobias	1274	267	1331	260	1519	244
Cash	1267	268	1266	274	1443	250
Corbin	1257	269	1418	250	1604	235
Arlo	1256	270	1087	302	973	335
Iker	1254	271	1285	270	1636	233
Erick	1245	272	1432	248	1599	237
Emerson	1238	273	1317	265	1225	286
Gunner	1238	273	1386	253	1450	248
Cody	1237	274	1291	269	1403	252
Stephen	1236	275	1330	261	1374	258
Francisco	1235	276	1401	251	1445	249
Killian	1224	277	1501	241	1381	257
Dallas	1219	278	1393	252	1223	287
Reid	1217	279	1246	277	1395	254
Manuel	1206	280	1325	263	1297	271
Lane	1205	281	1178	287	1229	285
Atlas	1204	282	1041	313	796	377
Rylan	1191	283	1256	276	1399	253
Jensen	1188	284	1003	321	903	350
Ronan	1187	285	1193	285	1109	305
Beckham	1182	286	1269	273	1119	303
Daxton	1176	287	1000	323	923	344
Anderson	1161	288	1198	283	1159	295
Kameron	1155	289	1324	264	1445	249
Raymond	1149	290	1200	282	1272	275
Orion	1141	291	1022	318	1068	314
Cristian	1137	292	1181	286	1212	288
Tanner	1134	293	1327	262	1602	236
Kyler	1128	294	1065	305	1181	290
Jett	1122	295	1169	289	1115	304
Cohen	1120	296	1099	301	1088	311
Ricardo	1119	297	1164	291	1297	271
Spencer	1101	298	1205	281	1367	260
Gideon	1092	299	1155	292	1026	326
Ali	1089	300	1114	298	1086	312
Fernando	1089	300	1137	294	1244	279
Jaiden	1080	301	1139	293	1232	284
Titus	1076	302	1174	288	1286	274
Travis	1072	303	1164	291	1303	269
Bodhi	1071	304	1165	290	916	347
Eduardo	1066	305	1228	280	1324	267
Dante	1065	306	1075	303	1008	330
Ellis	1058	307	1107	299	999	332
Prince	1058	307	983	329	1008	330
Kane	1048	308	942	336	790	382
Luka	1041	309	703	409	649	440
Kash	1040	310	937	339	903	350
Hendrix	1026	311	963	333	792	380
Desmond	1024	312	1044	311	894	353
Donovan	1021	313	1055	308	1156	296
Mario	1018	314	1135	295	1154	297
Atticus	1016	315	955	334	918	346
Cruz	1011	316	966	332	1013	329
Garrett	1010	317	1056	307	1146	299
Hector	1006	318	1071	304	1097	309
Angelo	1004	319	1023	317	1047	318
Jeffrey	1003	320	1052	310	1169	292
Edwin	1000	321	1032	316	1102	307
Cesar	998	322	1100	300	1159	295
Zayn	996	323	989	327	747	395
Devin	995	324	1034	315	1170	291
Conor	994	325	1129	296	1084	313
Warren	993	326	911	344	825	369
Odin	989	327	899	350	834	366
Jayceon	985	328	1100	300	1473	247
Romeo	977	329	916	342	897	352
Julius	976	330	1002	322	1021	327
Jaylen	971	331	987	328	891	355
Hayes	969	332	762	386	715	407
Kayson	961	333	967	331	851	363
Muhammad	960	334	897	352	958	338
Jaxton	955	335	892	353	795	378
Joaquin	944	336	903	346	997	333
Caiden	942	337	1043	312	1129	302
Dakota	936	338	990	326	868	359
Major	936	338	1036	314	982	334
Keegan	934	339	1116	297	1290	273
Sergio	932	340	940	337	1039	321
Marshall	931	341	936	340	1006	331
Johnny	929	342	968	330	1033	323
Kade	926	343	750	389	777	388
Edgar	921	344	939	338	1013	329
Leonel	921	344	902	347	889	356
Ismael	915	345	811	373	791	381
Marco	915	345	1010	320	1062	316
Tyson	915	345	1053	309	1040	320
Wade	913	346	902	347	788	383
Collin	910	347	991	325	1202	289
Troy	904	348	950	335	1104	306
Nasir	903	349	753	387	675	428
Conner	898	350	1013	319	1144	300
Adonis	892	351	812	372	801	375
Jared	886	352	844	365	832	367
Rory	881	353	858	362	825	369
Andy	877	354	878	358	1059	317
Jase	874	355	1044	311	1592	239
Lennox	872	356	762	386	695	416
Shane	868	357	913	343	1066	315
Malik	865	358	864	360	841	365
Ari	861	359	795	378	747	395
Reed	853	360	858	362	961	337
Seth	851	361	1060	306	1162	294
Clark	850	362	861	361	865	361
Erik	850	362	898	351	943	342
Lawson	849	363	711	404	711	409
Trevor	849	363	904	345	1093	310
Gage	839	364	1036	314	1292	272
Nico	835	365	751	388	609	462
Malakai	831	366	807	374	727	402
Quinn	828	367	900	349	1047	318
Cade	825	368	695	412	780	387
Johnathan	825	368	934	341	1020	328
Sullivan	816	369	795	378	781	386
Solomon	811	370	874	359	901	351
Cyrus	807	371	731	396	729	401
Fabian	804	372	821	368	867	360
Pedro	804	372	811	373	877	357
Frank	803	373	887	355	957	339
Shawn	802	374	825	367	944	341
Malcolm	799	375	813	371	781	386
Khalil	796	376	732	395	693	418
Nehemiah	795	377	885	356	921	345
Dalton	792	378	890	354	1045	319
Mathias	792	378	660	420	598	467
Jay	790	379	848	364	807	374
Ibrahim	789	380	815	369	816	372
Peyton	787	381	996	324	1241	281
Winston	787	381	781	383	648	441
Kason	785	382	806	375	876	358
Zayne	785	382	848	364	691	419
Noel	784	383	832	366	846	364
Princeton	784	383	786	381	772	390
Matthias	780	384	655	423	609	462
Gregory	778	385	887	355	921	345
Sterling	777	386	711	404	665	431
Dominick	775	387	901	348	1028	325
Elian	770	388	478	501	450	538
Grady	764	389	884	357	938	343
Russell	764	389	785	382	784	385
Finnegan	763	390	762	386	815	373
Ruben	750	391	746	391	798	376
Gianni	745	392	532	476	448	539
Porter	745	392	802	377	745	396
Kendrick	744	393	775	385	827	368
Leland	744	393	814	370	757	394
Pablo	742	394	698	411	790	382
Allen	733	395	789	380	892	354
Hugo	726	396	746	391	721	404
Raiden	725	397	793	379	740	399
Kolton	724	398	681	415	617	458
Remy	719	399	680	416	649	440
Ezequiel	718	400	700	410	565	482
Damon	715	401	707	406	697	414
Emanuel	707	402	750	389	911	349
Zaiden	704	403	733	394	787	384
Otto	702	404	615	437	560	485
Bowen	701	405	658	421	636	449
Marcos	700	406	728	397	718	405
Abram	694	407	740	393	861	362
Kasen	693	408	642	427	629	454
Franklin	690	409	704	408	742	398
Royce	690	409	649	425	660	433
Jonas	688	410	690	413	819	370
Sage	687	411	627	431	528	498
Philip	683	412	728	397	712	408
Esteban	682	413	724	399	760	393
Drake	680	414	640	428	695	416
Kashton	680	414	402	545	221	710
Roberto	678	415	778	384	891	355
Harvey	677	416	851	363	774	389
Alexis	675	417	803	376	965	336
Kian	671	418	673	418	607	463
Jamison	669	419	705	407	678	426
Maximilian	667	420	650	424	717	406
Adan	661	421	741	392	818	371
Milan	659	422	650	424	686	423
Phillip	659	422	726	398	703	410
Albert	657	423	715	403	643	444
Dax	655	424	662	419	573	479
Mohamed	654	425	662	419	647	442
Ronin	654	425	558	464	589	471
Kamden	651	426	717	402	744	397
Hank	647	427	679	417	632	452
Memphis	638	428	475	504	429	554
Oakley	634	429	610	438	478	523
Augustus	630	430	732	395	671	429
Drew	628	431	673	418	798	376
Moises	624	432	748	390	639	447
Armani	622	433	569	459	516	505
Rhys	621	434	616	436	611	461
Benson	619	435	624	433	726	403
Jayson	619	435	632	430	635	450
Kyson	619	435	709	405	559	486
Braylen	618	436	718	401	699	413
Corey	618	436	649	425	766	392
Gunnar	617	437	705	407	794	379
Omari	617	437	569	459	552	488
Alonzo	611	438	549	469	497	514
Landen	611	438	751	388	815	373
Armando	609	439	607	439	682	424
Derrick	608	440	695	412	745	396
Dexter	608	440	683	414	700	412
Enrique	608	440	600	444	694	417
Bruce	607	441	719	400	700	412
Nikolai	607	441	572	457	638	448
Francis	606	442	658	421	638	448
Rocco	606	442	662	419	677	427
Kairo	605	443	284	630	153	777
Royal	604	444	572	457	662	432
Zachariah	601	445	698	411	702	411
Arjun	600	446	563	462	577	478
Deacon	599	447	575	455	651	438
Skyler	597	448	648	426	767	391
Eden	594	449	588	447	567	481
Alijah	589	450	617	435	584	473
Rowen	585	451	583	449	398	576
Pierce	584	452	546	470	646	443
Uriel	580	453	538	473	555	487
Ronald	578	454	657	422	727	402
Luciano	577	455	567	460	583	474
Tate	576	456	680	416	690	420
Frederick	575	457	581	451	582	475
Kieran	575	457	567	460	538	493
Lawrence	573	458	582	450	614	460
Moses	573	458	626	432	665	431
Rodrigo	571	459	566	461	592	470
Brycen	569	460	601	443	641	445
Leonidas	568	461	581	451	592	470
Nixon	567	462	605	441	569	480
Keith	565	463	584	448	631	453
Chandler	564	464	592	445	652	437
Case	559	465	440	522	518	503
Davis	558	466	584	448	619	457
Asa	554	467	590	446	573	479
Darius	549	468	577	453	581	476
Isaias	548	469	507	487	540	492
Aden	547	470	580	452	696	415
Jaime	547	470	606	440	656	436
Landyn	547	470	529	477	560	485
Raul	547	470	555	467	650	439
Niko	545	471	505	489	435	550
Trenton	545	471	681	415	819	370
Apollo	543	472	527	478	469	528
Cairo	542	473	402	545	267	671
Izaiah	542	473	489	494	518	503
Scott	541	474	604	442	657	435
Dorian	539	475	526	479	531	495
Julio	538	476	580	452	625	455
Wilder	538	476	475	504	337	614
Santino	537	477	445	521	437	548
Dustin	535	478	534	475	552	488
Donald	533	479	600	444	624	456
Raphael	533	479	559	463	548	489
Saul	533	479	604	442	559	486
Taylor	532	480	573	456	641	445
Ayaan	529	481	503	490	424	559
Duke	527	482	521	480	514	507
Ryland	527	482	527	478	593	469
Tatum	524	483	453	519	416	564
Ahmed	521	484	558	464	580	477
Moshe	521	484	535	474	526	500
Edison	519	485	495	492	480	522
Emmitt	519	485	527	478	565	482
Cannon	518	486	503	490	531	495
Alec	516	487	571	458	615	459
Danny	516	487	575	455	640	446
Keaton	514	488	475	504	546	490
Roy	514	488	527	478	538	493
Conrad	513	489	468	507	461	533
Roland	512	490	534	475	509	510
Quentin	511	491	520	481	633	451
Lewis	506	492	518	482	589	471
Samson	505	493	434	525	481	521
Brock	504	494	550	468	689	421
Kylan	501	495	417	535	436	549
Cason	500	496	572	457	652	437
Ahmad	499	497	481	498	466	530
Jalen	499	497	448	520	481	521
Nikolas	497	498	462	512	497	514
Braylon	496	499	623	434	736	400
Kamari	496	499	428	529	399	575
Dennis	493	500	514	485	586	472
Callum	492	501	430	528	349	604
Justice	491	502	481	498	603	464
Soren	491	502	467	508	499	513
Rayan	489	503	475	504	513	508
Aarav	488	504	526	479	519	502
Gerardo	488	504	637	429	681	425
Ares	486	505	402	545	359	595
Brendan	485	506	557	465	687	422
Jamari	485	506	485	496	483	519
Kaison	485	506	467	508	391	579
Yusuf	485	506	477	502	496	515
Issac	484	507	436	523	441	544
Jasiah	484	507	459	514	486	518
Callen	482	508	477	502	543	491
Forrest	480	509	458	515	423	560
Makai	480	509	410	540	420	562
Crew	478	510	339	587	335	616
Kobe	478	510	527	478	583	474
Bo	477	511	432	526	452	536
Julien	477	511	419	533	438	547
Mathew	474	512	503	490	562	484
Braden	473	513	508	486	597	468
Johan	473	513	576	454	659	434
Marvin	473	513	485	496	531	495
Zaid	473	513	303	615	242	693
Stetson	467	514	401	546	344	607
Casey	466	515	542	472	512	509
Ty	466	515	457	516	536	494
Ariel	465	516	600	444	601	465
Tony	465	516	517	483	563	483
Zain	465	516	399	547	366	592
Callan	464	517	363	568	332	618
Cullen	462	518	556	466	529	497
Sincere	461	519	479	500	407	570
Uriah	461	519	516	484	530	496
Dillon	459	520	543	471	667	430
Kannon	458	521	377	561	298	646
Colby	457	522	465	509	555	487
Axton	456	523	416	536	339	612
Cassius	456	523	464	510	448	539
Quinton	456	523	506	488	453	535
Mekhi	454	524	473	505	427	556
Reece	453	525	457	516	476	524
Alessandro	452	526	401	546	367	591
Jerry	451	527	493	493	593	469
Mauricio	451	527	484	497	501	512
Sam	451	527	521	480	476	524
Trey	447	528	481	498	466	530
Mohammad	444	529	480	499	451	537
Alberto	442	530	431	527	515	506
Gustavo	442	530	486	495	517	504
Arturo	441	531	476	503	540	492
Fletcher	441	531	410	540	402	574
Marcelo	440	532	462	512	317	632
Abdiel	439	533	376	562	329	621
Hamza	438	534	407	542	493	516
Alfredo	437	535	461	513	483	519
Chris	437	535	457	516	513	508
Finnley	436	536	425	530	423	560
Curtis	435	537	430	528	506	511
Kellan	434	538	502	491	600	466
Quincy	431	539	432	526	476	524
Kase	430	540	346	580	316	633
Harry	427	541	399	547	375	589
Kyree	426	542	468	507	403	573
Wilson	426	542	403	544	439	546
Cayson	424	543	472	506	524	501
Hezekiah	424	543	430	528	375	589
Kohen	424	543	377	561	384	583
Neil	424	543	421	532	424	559
Mohammed	423	544	478	501	461	533
Raylan	423	544	421	532	482	520
Kaysen	420	545	388	553	341	610
Lucca	420	545	385	556	362	594
Sylas	417	546	388	553	411	567
Mack	416	547	430	528	355	599
Leonard	415	548	435	524	450	538
Lionel	415	548	458	515	475	525
Ford	413	549	344	582	342	609
Roger	411	550	415	537	409	568
Rex	410	551	431	527	421	561
Alden	405	552	408	541	391	579
Boston	405	552	387	554	416	564
Colson	405	552	322	599	187	743
Briggs	403	553	424	531	397	577
Zeke	403	553	424	531	397	577
Dariel	401	554	360	570	319	631
Kingsley	400	555	393	549	471	527
Valentino	396	556	376	562	392	578
Jamir	395	557	351	577	338	613
Salvador	394	558	376	562	457	534
Vihaan	394	558	383	558	390	580
Mitchell	392	559	395	548	462	532
Lance	391	560	408	541	434	551
Lucian	391	560	467	508	426	557
Darren	390	561	459	514	527	499
Jimmy	390	561	456	517	517	504
Alvin	388	562	434	525	465	531
Amos	385	563	352	576	382	585
Tripp	385	563	364	567	338	613
Zaire	385	563	316	605	304	641
Layton	382	564	327	595	418	563
Reese	381	565	358	572	382	585
Casen	380	566	341	585	408	569
Colten	380	566	359	571	442	543
Brennan	379	567	462	512	548	489
Korbin	379	567	455	518	441	544
Sonny	379	567	301	617	267	671
Bruno	378	568	403	544	384	583
Orlando	378	568	391	550	430	553
Devon	377	569	418	534	489	517
Huxley	377	569	290	625	257	680
Boone	376	570	335	589	296	648
Maurice	375	571	395	548	406	571
Nelson	373	572	410	540	431	552
Douglas	371	573	411	539	447	540
Randy	370	574	381	559	425	558
Gary	367	575	406	543	442	543
Lennon	367	575	380	560	450	538
Titan	367	575	419	533	406	571
Denver	366	576	272	640	268	670
Jaziel	366	576	332	591	276	663
Noe	366	576	386	555	399	575
Jefferson	364	577	353	575	431	552
Ricky	364	577	362	569	448	539
Lochlan	357	578	322	599	314	635
Rayden	356	579	365	566	330	620
Bryant	355	580	463	511	467	529
Langston	354	581	374	563	405	572
Lachlan	353	582	353	575	353	601
Clay	352	583	354	574	333	617
Abdullah	350	584	332	591	406	571
Lee	350	584	366	565	386	582
Baylor	349	585	310	609	341	610
Leandro	349	585	333	590	358	596
Ben	347	586	326	596	350	603
Kareem	346	587	349	578	345	606
Layne	346	587	353	575	338	613
Joe	345	588	363	568	431	552
Crosby	344	589	415	537	428	555
Deandre	344	589	366	565	377	588
Demetrius	344	589	323	598	330	620
Kellen	343	590	418	534	440	545
Carl	342	591	413	538	443	542
Jakob	342	591	403	544	474	526
Ridge	342	591	324	597	246	689
Bronson	341	592	354	574	342	609
Jedidiah	340	593	358	572	326	624
Rohan	340	593	372	564	327	623
Larry	339	594	413	538	446	541
Stanley	339	594	349	578	366	592
Tomas	339	594	351	577	344	607
Shiloh	337	595	277	636	257	680
Thaddeus	337	595	385	556	416	564
Watson	337	595	198	710	120	810
Baker	336	596	165	743	156	774
Vicente	336	596	305	614	335	616
Koda	334	597	251	659	228	704
Jagger	333	598	385	556	436	549
Nathanael	333	598	401	546	427	556
Carmelo	332	599	308	611	354	600
Shepherd	332	599	289	626	263	675
Graysen	330	600	307	612	353	601
Melvin	330	600	324	597	333	617
Ernesto	328	601	346	580	362	594
Jamie	328	601	303	615	281	658
Yosef	328	601	377	561	368	590
Clyde	327	602	347	579	297	647
Eddie	327	602	354	574	402	574
Tristen	327	602	376	562	418	563
Grey	326	603	326	596	319	631
Ray	326	603	305	614	323	627
Tommy	326	603	344	582	322	628
Samir	325	604	335	589	301	644
Ramon	324	605	390	551	442	543
Santana	324	605	236	673	262	676
Kristian	322	606	345	581	356	598
Marcel	322	606	314	606	315	634
Wells	322	606	233	676	123	807
Zyaire	322	606	301	617	248	687
Brecken	321	607	343	583	332	618
Byron	321	607	399	547	382	585
Otis	321	607	318	603	322	628
Reyansh	320	608	384	557	317	632
Axl	319	609	338	588	305	640
Joey	318	610	298	620	354	600
Trace	318	610	265	646	286	654
Morgan	317	611	366	565	409	568
Musa	317	611	268	643	219	712
Harlan	316	612	296	622	274	665
Enoch	315	613	309	610	343	608
Henrik	313	614	284	630	269	669
Kristopher	313	614	374	563	348	605
Talon	313	614	311	608	405	572
Rey	312	615	303	615	256	681
Guillermo	311	616	289	626	322	628
Houston	311	616	283	631	285	655
Jon	311	616	319	602	354	600
Vincenzo	311	616	269	642	285	655
Dane	310	617	311	608	352	602
Terry	309	618	356	573	388	581
Azariah	307	619	288	627	299	645
Castiel	307	619	286	628	315	634
Kye	307	619	308	611	353	601
Augustine	305	620	299	619	336	615
Zechariah	305	620	317	604	323	627
Joziah	304	621	303	615	362	594
Kamryn	304	621	236	673	279	660
Hassan	303	622	338	588	298	646
Jamal	302	623	308	611	353	601
Chaim	301	624	342	584	325	625
Bodie	300	625	275	637	276	663
Emery	300	625	302	616	340	611
Branson	299	626	331	592	365	593
Jaxtyn	299	626	185	723	43	887
Kole	299	626	308	611	292	649
Wayne	299	626	278	635	329	621
Aryan	298	627	321	600	345	606
Alonso	297	628	316	605	319	631
Brixton	296	629	242	667	248	687
Madden	295	630	353	575	377	588
Allan	294	631	301	617	328	622
Flynn	294	631	311	608	375	589
Jaxen	292	632	328	594	341	610
Harley	291	633	399	547	378	587
Magnus	291	633	333	590	296	648
Sutton	291	633	277	636	246	689
Dash	289	634	320	601	306	639
Anders	288	635	289	626	278	661
Westley	288	635	261	650	237	697
Brett	286	636	314	606	333	617
Emory	286	636	280	633	270	668
Felipe	286	636	301	617	305	640
Yousef	285	637	330	593	308	638
Jadiel	284	638	327	595	312	636
Mordechai	284	638	200	708	183	747
Dominik	283	639	312	607	339	612
Junior	283	639	252	658	284	656
Eliseo	282	640	255	655	263	675
Fisher	282	640	306	613	310	637
Harold	281	641	285	629	287	653
Jaxxon	281	641	260	651	187	743
Kamdyn	281	641	201	707	284	656
Maximo	281	641	245	664	320	630
Caspian	280	642	254	656	158	772
Kelvin	280	642	326	596	336	615
Damari	279	643	286	628	303	642
Fox	279	643	305	614	325	625
Trent	279	643	389	552	412	566
Hugh	278	644	264	647	263	675
Briar	277	645	244	665	202	729
Franco	277	645	327	595	353	601
Keanu	277	645	240	669	210	721
Terrance	277	645	305	614	331	619
Yahir	277	645	268	643	326	624
Ameer	276	646	279	634	284	656
Kaiser	274	647	224	684	202	729
Thatcher	274	647	260	651	274	665
Ishaan	273	648	231	678	242	693
Koa	273	648	222	686	152	778
Merrick	273	648	269	642	208	723
Coen	272	649	236	673	291	650
Rodney	272	649	301	617	339	612
Brayan	271	650	347	579	415	565
London	271	650	274	638	348	605
Rudy	270	651	246	663	261	677
Gordon	269	652	274	638	219	712
Bobby	268	653	296	622	317	632
Aron	267	654	305	614	321	629
Marc	267	654	297	621	356	598
Van	266	655	235	674	236	698
Anakin	265	656	321	600	306	639
Canaan	265	656	317	604	383	584
Dario	265	656	244	665	223	708
Reginald	265	656	263	648	278	661
Westin	265	656	264	647	275	664
Darian	264	657	274	638	266	672
Ledger	264	657	212	696	161	769
Leighton	264	657	238	671	265	673
Maxton	264	657	374	563	330	620
Tadeo	264	657	266	645	221	710
Valentin	264	657	226	682	271	667
Aldo	263	658	311	608	392	578
Khalid	263	658	253	657	236	698
Nickolas	263	658	221	687	299	645
Toby	263	658	280	633	314	635
Dayton	261	659	262	649	245	690
Jacoby	261	659	299	619	332	618
Billy	260	660	265	646	260	678
Gatlin	260	660	215	693	150	780
Elisha	259	661	284	630	303	642
Jabari	259	661	221	687	235	699
Jermaine	259	661	273	639	269	669
Alvaro	257	662	255	655	286	654
Marlon	257	662	291	624	284	656
Mayson	257	662	252	658	266	672
Blaze	256	663	278	635	261	677
Jeffery	256	663	311	608	314	635
Kace	256	663	248	662	160	770
Braydon	255	664	340	586	380	586
Achilles	254	665	232	677	227	705
Brysen	254	665	261	650	249	686
Saint	254	665	140	768	115	815
Xzavier	253	666	242	667	290	651
Aydin	252	667	253	657	278	661
Eugene	252	667	274	638	299	645
Adrien	251	668	253	657	251	684
Cain	251	668	262	649	323	627
Kylo	251	668	164	744	238	696
Nova	251	668	230	679	152	778
Onyx	251	668	188	720	172	758
Arian	250	669	262	649	324	626
Bjorn	250	669	220	688	151	779
Jerome	250	669	255	655	270	668
Miller	250	669	259	652	264	674
Alfred	249	670	251	659	264	674
Kenzo	249	670	159	749	103	827
Kyng	248	671	215	693	184	746
Leroy	248	671	225	683	227	705
Maison	248	671	251	659	303	642
Jordy	247	672	272	640	241	694
Stefan	247	672	312	607	264	674
Wallace	246	673	197	711	198	733
Benicio	245	674	185	723	209	722
Kendall	245	674	253	657	229	703
Zayd	245	674	225	683	169	761
Blaine	244	675	322	599	357	597
Tristian	244	675	220	688	228	704
Anson	243	676	295	623	302	643
Gannon	243	676	302	616	345	606
Jeremias	243	676	209	699	204	727
Marley	243	676	218	690	259	679
Ronnie	243	676	240	669	259	679
Dangelo	242	677	236	673	243	692
Kody	242	677	270	641	274	665
Will	242	677	238	671	276	663
Bentlee	241	678	265	646	282	657
Gerald	241	678	269	642	284	656
Salvatore	241	678	238	671	234	700
Turner	241	678	202	706	235	699
Chad	240	679	216	692	289	652
Misael	240	679	243	666	276	663
Mustafa	240	679	235	674	234	700
Konnor	239	680	238	671	232	701
Maxim	239	680	249	661	265	673
Rogelio	239	680	244	665	261	677
Zakai	239	680	184	724	142	788
Cory	238	681	300	618	319	631
Judson	238	681	221	687	225	706
Brentley	237	682	277	636	324	626
Darwin	236	683	265	646	263	675
Louie	236	683	214	694	235	699
Ulises	236	683	229	680	222	709
Dakari	235	684	159	749	117	813
Rocky	234	685	216	692	217	714
Wesson	234	685	241	668	205	726
Alfonso	233	686	277	636	229	703
Payton	233	686	288	627	281	658
Dwayne	232	687	224	684	221	710
Juelz	232	687	300	618	198	733
Duncan	231	688	251	659	286	654
Keagan	231	688	246	663	255	682
Deshawn	230	689	185	723	179	751
Bode	229	690	170	738	203	728
Bridger	229	690	221	687	263	675
Skylar	229	690	280	633	320	630
Brodie	228	691	267	644	304	641
Landry	228	691	258	653	286	654
Avi	227	692	212	696	220	711
Keenan	227	692	233	676	272	666
Reuben	227	692	238	671	250	685
Jaxx	226	693	202	706	185	745
Rene	226	693	258	653	246	689
Yehuda	226	693	238	671	247	688
Imran	225	694	189	719	191	740
Yael	225	694	197	711	181	749
Alexzander	224	695	226	682	241	694
Willie	224	695	282	632	291	650
Cristiano	223	696	255	655	264	674
Heath	223	696	241	668	248	687
Lyric	223	696	221	687	214	717
Davion	222	697	245	664	302	643
Elon	222	697	188	720	139	791
Karsyn	222	697	154	754	135	795
Krew	222	697	172	736	110	820
Jairo	221	698	243	666	235	699
Maddux	221	698	211	697	206	725
Ephraim	220	699	256	654	254	683
Ignacio	220	699	217	691	228	704
Vivaan	220	699	219	689	223	708
Aries	219	700	176	732	177	753
Vance	219	700	265	646	247	688
Boden	217	701	182	726	179	751
Lyle	217	701	204	704	208	723
Ralph	217	701	184	724	204	727
Reign	217	701	215	693	158	772
Camilo	216	702	224	684	206	725
Draven	216	702	241	668	251	684
Terrence	216	702	262	649	270	668
Idris	215	703	191	717	179	751
Ira	215	703	213	695	218	713
Javion	215	703	262	649	262	676
Jericho	215	703	197	711	229	703
Khari	215	703	213	695	169	761
Marcellus	215	703	179	729	153	777
Creed	214	704	195	713	206	725
Shepard	214	704	226	682	190	741
Terrell	214	704	243	666	228	704
Ahmir	213	705	194	714	220	711
Camdyn	213	705	228	681	280	659
Cedric	213	705	210	698	236	698
Howard	213	705	202	706	240	695
Jad	213	705	209	699	209	722
Zahir	213	705	215	693	176	754
Harper	212	706	285	629	297	647
Justus	212	706	202	706	234	700
Forest	211	707	200	708	177	753
Gibson	211	707	229	680	229	703
Zev	211	707	193	715	161	769
Alaric	210	708	203	705	179	751
Decker	210	708	203	705	199	732
Ernest	210	708	216	692	209	722
Jesiah	210	708	200	708	184	746
Torin	210	708	180	728	156	774
Benedict	209	709	169	739	152	778
Bowie	209	709	156	752	134	796
Deangelo	209	709	186	722	173	757
Genesis	209	709	101	807	98	832
Harlem	209	709	175	733	183	747
Kalel	209	709	244	665	247	688
Kylen	209	709	210	698	191	740
Bishop	208	710	205	703	187	743
Immanuel	208	710	197	711	211	720
Lian	208	710	194	714	196	735
Zavier	208	710	251	659	248	687
Archie	207	711	159	749	133	797
Davian	207	711	221	687	204	727
Gus	207	711	180	728	203	728
Kabir	207	711	166	742	179	751
Korbyn	207	711	169	739	180	750
Randall	207	711	215	693	192	739
Benton	206	712	233	676	277	662
Coleman	206	712	245	664	212	719
Markus	206	712	224	684	261	677