Emma	18688	1	19800	1	19496	1
Olivia	17921	2	18703	2	19365	2
Ava	14924	3	15958	3	16302	3
Isabella	14464	4	15180	4	14795	5
Sophia	13928	5	14883	5	16128	4
Charlotte	12940	6	12937	7	13090	7
Mia	12642	7	13470	6	14428	6
Amelia	12301	8	11833	8	10774	11
Harper	10582	9	10487	11	10787	10
Evelyn	10376	10	10712	9	10106	12
Abigail	9796	11	10607	10	11760	8
Emily	8656	12	9781	12	10972	9
Elizabeth	8513	13	8955	13	9555	13
Mila	8126	14	5964	30	4821	48
Ella	8055	15	8046	16	7908	17
Avery	8053	16	8205	14	8765	16
Sofia	7621	17	8160	15	9167	14
Camila	7473	18	6766	23	6048	32
Aria	7394	19	7149	20	6933	23
Scarlett	7182	20	7702	18	7703	18
Victoria	7089	21	7292	19	7310	21
Madison	7036	22	7875	17	9030	15
Luna	6897	23	5344	37	3671	77
Grace	6724	24	7040	21	7594	19
Chloe	6626	25	6944	22	7461	20
Penelope	6474	26	6652	24	6389	27
Layla	6468	27	6303	26	6264	30
Riley	5976	28	6353	25	7141	22
Zoey	5899	29	6045	29	6444	26
Nora	5799	30	6055	28	5589	36
Lily	5706	31	5837	33	6592	24
Eleanor	5694	32	5537	35	5134	41
Hannah	5629	33	5907	32	6013	33
Lillian	5534	34	6160	27	6358	28
Addison	5203	35	5616	34	6322	29
Aubrey	5190	36	5911	31	6533	25
Ellie	5190	36	5005	44	5065	43
Stella	5121	37	5055	42	4930	45
Natalie	5095	38	5534	36	6178	31
Zoe	5062	39	5158	41	5743	35
Leah	4995	40	5175	40	5415	37
Hazel	4916	41	5023	43	4667	52
Violet	4794	42	4719	47	4866	46
Aurora	4785	43	4591	51	3990	66
Savannah	4745	44	5238	38	5364	38
Audrey	4662	45	4825	46	5360	39
Brooklyn	4611	46	5186	39	5955	34
Bella	4518	47	4638	50	3660	78
Claire	4379	48	4693	49	5209	40
Skylar	4378	49	4718	48	5119	42
Lucy	4354	50	4587	52	4597	54
Paisley	4333	51	4940	45	4865	47
Everly	4313	52	3516	81	2891	106
Anna	4145	53	4544	53	4784	49
Caroline	4136	54	4283	55	4429	56
Nova	4124	55	3036	94	2281	135
Genesis	4068	56	4254	56	4342	58
Emilia	4020	57	3589	75	3029	102
Kennedy	3924	58	4152	58	4328	59
Samantha	3897	59	4318	54	4952	44
Maya	3882	60	4028	60	4082	64
Willow	3881	61	3551	80	3108	96
Kinsley	3856	62	4044	59	3368	87
Naomi	3821	63	3841	69	3795	74
Aaliyah	3811	64	4174	57	4641	53
Elena	3758	65	3873	68	3182	94
Sarah	3734	66	4009	62	4412	57
Ariana	3715	67	3876	67	4595	55
Allison	3678	68	4027	61	4775	50
Gabriella	3677	69	3879	66	4244	61
Alice	3643	70	3816	70	3682	76
Madelyn	3634	71	3953	63	4231	62
Cora	3574	72	3441	82	3371	86
Ruby	3552	73	3566	77	3832	70
Eva	3542	74	3629	73	3799	73
Serenity	3517	75	3559	78	3831	71
Autumn	3471	76	3594	74	4027	65
Adeline	3463	77	3920	64	4115	63
Hailey	3449	78	3699	72	3938	68
Gianna	3429	79	3189	90	3218	92
Valentina	3416	80	3037	93	2916	105
Isla	3393	81	2874	102	2519	125
Eliana	3373	82	3269	87	3199	93
Quinn	3369	83	3589	75	3646	79
Nevaeh	3359	84	3584	76	3787	75
Ivy	3256	85	2770	106	2816	111
Sadie	3247	86	3710	71	4286	60
Piper	3202	87	3555	79	3949	67
Lydia	3184	88	3327	84	3613	80
Alexa	3053	89	3891	65	4770	51
Josephine	3023	90	2813	105	2789	113
Emery	2993	91	2692	113	2419	129
Julia	2989	92	3116	92	3331	88
Delilah	2982	93	2882	101	2727	114
Arianna	2956	94	3276	86	3888	69
Vivian	2956	94	3023	96	3140	95
Kaylee	2938	95	3403	83	3830	72
Sophie	2929	96	2831	104	2867	108
Brielle	2919	97	2891	100	2660	120
Madeline	2897	98	2952	98	3277	89
Peyton	2896	99	3250	88	3502	81
Rylee	2886	100	2853	103	2966	104
Clara	2877	101	3035	95	3072	99
Hadley	2861	102	2706	110	2880	107
Melanie	2841	103	3232	89	3482	82
Mackenzie	2810	104	2950	99	3403	85
Reagan	2803	105	3001	97	3093	97
Adalynn	2801	106	2659	114	2590	123
Liliana	2773	107	2757	107	2635	122
Aubree	2767	108	3316	85	3409	84
Jade	2673	109	2732	108	2695	116
Katherine	2666	110	2853	103	3271	91
Isabelle	2640	111	3157	91	3029	102
Natalia	2617	112	2609	117	2822	110
Raelynn	2599	113	2448	122	1977	157
Maria	2595	114	2707	109	2803	112
Athena	2582	115	2372	125	2171	141
Ximena	2558	116	2542	119	2679	118
Arya	2545	117	2163	133	1896	167
Leilani	2505	118	2272	127	1964	158
Taylor	2478	119	2699	111	3276	90
Faith	2442	120	2620	115	3066	100
Rose	2432	121	2071	139	2030	152
Kylie	2416	122	2695	112	3410	83
Alexandra	2394	123	2600	118	2847	109
Mary	2327	124	2402	124	2508	126
Margaret	2312	125	2253	130	2214	138
Lyla	2288	126	2264	128	2220	137
Ashley	2267	127	2524	120	3038	101
Amaya	2256	128	1712	174	1583	202
Eliza	2254	129	2074	138	1863	172
Brianna	2235	130	2511	121	3088	98
Bailey	2163	131	2423	123	2701	115
Andrea	2154	132	2319	126	2477	127
Khloe	2136	133	2147	135	2536	124
Jasmine	2133	134	2263	129	2641	121
Melody	2131	135	2059	141	2137	143
Iris	2109	136	1982	146	1747	184
Isabel	2052	137	2028	143	2113	144
Norah	1999	138	2153	134	2024	153
Annabelle	1977	139	2614	116	2992	103
Valeria	1976	140	1888	153	2037	150
Emerson	1935	141	1972	147	1962	159
Adalyn	1930	142	2203	132	2187	140
Ryleigh	1915	143	1851	158	1881	168
Eden	1894	144	2090	137	2084	147
Emersyn	1886	145	1328	233	1071	294
Anastasia	1880	146	1798	166	1704	190
Kayla	1875	147	2118	136	2462	128
Alyssa	1870	148	2236	131	2671	119
Juliana	1842	149	1995	145	1950	160
Charlie	1840	150	1908	151	1762	183
Esther	1831	151	1828	162	1809	180
Ariel	1810	152	2065	140	2188	139
Cecilia	1798	153	1809	165	1826	175
Valerie	1794	154	1818	164	1962	159
Alina	1791	155	1656	183	1818	177
Molly	1790	156	1825	163	1983	156
Reese	1788	157	1751	168	1822	176
Aliyah	1765	158	1906	152	1999	154
Lilly	1755	159	1919	150	2152	142
Parker	1754	160	1489	204	1478	215
Finley	1749	161	1862	156	1725	187
Morgan	1749	161	1921	149	2332	131
Sydney	1749	161	2011	144	2317	134
Jordyn	1735	162	1839	159	2105	145
Eloise	1733	163	1627	187	1564	206
Trinity	1707	164	1855	157	2227	136
Daisy	1702	165	1790	167	1722	188
Kimberly	1696	166	1832	161	2330	132
Lauren	1696	166	1982	146	2322	133
Genevieve	1692	167	1662	180	1731	186
Sara	1692	167	1882	154	2036	151
Arabella	1686	168	1881	155	1737	185
Harmony	1668	169	1699	175	1717	189
Elise	1664	170	1714	173	1913	165
Remi	1644	171	1270	241	1099	286
Teagan	1644	171	1729	172	2044	149
Alexis	1640	172	2054	142	2683	117
London	1632	173	1966	148	2353	130
Sloane	1623	174	1406	216	1191	260
Laila	1608	175	1742	169	1947	162
Lucia	1606	176	1657	182	1521	211
Diana	1605	177	1365	225	1180	264
Juliette	1600	178	1490	203	1655	196
Sienna	1587	179	1401	218	1371	231
Elliana	1580	180	1377	223	1260	246
Londyn	1580	180	1612	189	1817	178
Ayla	1575	181	1355	226	1235	252
Callie	1574	182	1646	185	1539	210
Gracie	1566	183	1603	192	1810	179
Josie	1565	184	1531	197	1359	233
Amara	1564	185	1491	202	1083	290
Jocelyn	1555	186	1835	160	2100	146
Daniela	1553	187	1590	194	1667	192
Everleigh	1546	188	806	358	543	499
Mya	1545	189	1735	170	1912	166
Rachel	1544	190	1610	190	1872	170
Summer	1528	191	1407	215	1597	200
Alana	1523	192	1438	209	1570	205
Brooke	1518	193	1617	188	1864	171
Alaina	1517	194	1664	179	1765	182
Mckenzie	1507	195	1651	184	1988	155
Catherine	1498	196	1577	195	1666	193
Amy	1497	197	1730	171	1840	174
Presley	1486	198	1531	197	1601	199
Journee	1481	199	1214	252	990	316
Rosalie	1460	200	1346	229	1246	248
Ember	1458	201	1117	277	1020	307
Brynlee	1455	202	1413	214	1431	221
Rowan	1447	203	1443	208	1349	235
Joanna	1444	204	1344	230	1270	244
Paige	1443	205	1694	176	2049	148
Rebecca	1442	206	1425	212	1575	204
Ana	1440	207	1449	207	1434	220
Sawyer	1421	208	1388	220	1280	242
Mariah	1416	209	1609	191	1920	164
Nicole	1416	209	1661	181	1948	161
Brooklynn	1415	210	1420	213	1653	197
Payton	1413	211	1643	186	1798	181
Marley	1410	212	1469	205	1495	213
Fiona	1408	213	1680	177	1558	208
Georgia	1406	214	1313	234	1413	224
Lila	1395	215	1468	206	1557	209
Harley	1393	216	1522	198	1427	222
Adelyn	1375	217	1515	199	1665	194
Alivia	1373	218	1333	232	1461	218
Noelle	1371	219	1344	230	1265	245
Gemma	1369	220	1246	248	1272	243
Vanessa	1369	220	1514	200	1658	195
Journey	1363	221	1155	269	1204	258
Makayla	1362	222	1499	201	1934	163
Angelina	1360	223	1558	196	1850	173
Adaline	1359	224	1675	178	1878	169
Catalina	1358	225	1225	251	1030	303
Alayna	1354	226	1375	224	1437	219
Julianna	1354	226	1599	193	1602	198
Leila	1352	227	1404	217	1388	227
Lola	1352	227	1328	233	1380	230
Adriana	1347	228	1396	219	1493	214
June	1342	229	1296	236	1187	263
Juliet	1336	230	1380	222	1396	225
Jayla	1334	231	1340	231	1382	229
River	1321	232	1176	260	1130	275
Tessa	1315	233	1291	237	1389	226
Lia	1310	234	950	316	985	318
Dakota	1307	235	1353	227	1413	224
Delaney	1306	236	1263	242	1206	257
Selena	1306	236	1299	235	1122	278
Blakely	1304	237	1229	249	1176	265
Ada	1288	238	1015	304	964	327
Camille	1277	239	1258	244	1303	240
Zara	1275	240	1153	271	1022	306
Malia	1266	241	1426	211	1231	255
Hope	1265	242	1258	244	1339	236
Samara	1261	243	1007	305	669	434
Vera	1257	244	1158	267	1058	297
Mckenna	1254	245	1249	246	1250	247
Briella	1248	246	1130	275	912	339
Izabella	1246	247	1226	250	1222	256
Hayden	1243	248	1353	227	1576	203
Raegan	1241	249	1214	252	1133	273
Michelle	1239	250	1427	210	1560	207
Angela	1236	251	1347	228	1509	212
Ruth	1234	252	1204	254	1097	287
Freya	1231	253	1075	291	997	313
Kamila	1230	254	1104	280	978	323
Vivienne	1226	255	1259	243	1281	241
Aspen	1223	256	992	308	901	341
Olive	1222	257	1251	245	1161	267
Kendall	1209	258	1388	220	1698	191
Elaina	1205	259	1141	273	1189	262
Thea	1194	260	1186	258	1120	280
Kali	1193	261	1086	287	1081	291
Destiny	1189	262	1381	221	1590	201
Amiyah	1186	263	1196	256	1233	254
Evangeline	1185	264	1191	257	1335	237
Cali	1182	265	1125	276	1197	259
Blake	1181	266	1184	259	1096	288
Elsie	1178	267	1086	287	980	322
Juniper	1173	268	1041	298	955	329
Alexandria	1165	269	1247	247	1471	216
Myla	1163	270	1000	306	895	342
Ariella	1161	271	1098	282	983	320
Kate	1156	272	1166	265	1388	227
Mariana	1148	273	1086	287	1113	282
Lilah	1145	274	1171	263	1088	289
Charlee	1141	275	1156	268	1100	285
Daleyza	1126	276	1286	238	1350	234
Nyla	1126	276	1077	290	997	313
Jane	1123	277	1156	268	1134	272
Maggie	1122	278	1281	239	1322	238
Zuri	1122	278	849	342	889	344
Aniyah	1118	279	1114	278	1165	266
Lucille	1115	280	1200	255	1130	275
Leia	1114	281	1154	270	1010	309
Melissa	1114	281	1169	264	1234	253
Adelaide	1111	282	1160	266	1239	250
Amina	1109	283	1174	261	1102	283
Giselle	1104	284	1173	262	1462	217
Lena	1094	285	1080	289	1138	270
Camilla	1088	286	1054	294	974	324
Miriam	1088	286	1148	272	1118	281
Millie	1087	287	887	332	737	405
Brynn	1084	288	1093	283	1237	251
Gabrielle	1084	288	1213	253	1419	223
Sage	1083	289	1045	296	937	333
Annie	1080	290	1090	285	1123	277
Logan	1074	291	1103	281	855	360
Lilliana	1066	292	1110	279	1132	274
Haven	1058	293	1087	286	1101	284
Jessica	1057	294	1278	240	1386	228
Kaia	1057	294	984	311	884	347
Magnolia	1041	295	813	356	616	456
Amira	1035	296	1020	302	872	351
Adelynn	1029	297	1068	292	1128	276
Makenzie	1026	298	1092	284	1304	239
Stephanie	1026	298	1131	274	1370	232
Nina	1020	299	1015	304	1045	298
Phoebe	1018	300	1017	303	1032	302
Arielle	1009	301	1015	304	1072	293
Evie	1008	302	926	326	792	388
Lyric	1007	303	1061	293	1135	271
Alessandra	1006	304	1034	299	1067	295
Gabriela	993	305	1154	270	1246	248
Paislee	989	306	1043	297	1130	275
Raelyn	986	307	1023	301	1026	304
Madilyn	983	308	949	317	1000	311
Paris	979	309	1082	288	1158	269
Makenna	978	310	974	312	1019	308
Kinley	976	311	1015	304	1245	249
Gracelyn	971	312	944	319	914	337
Talia	971	312	1041	298	1058	297
Maeve	969	313	865	337	820	378
Rylie	966	314	882	334	1005	310
Kiara	954	315	887	332	851	362
Evelynn	952	316	942	320	844	367
Brinley	951	317	999	307	981	321
Jacqueline	939	318	925	327	1134	272
Laura	935	319	948	318	964	327
Gracelynn	927	320	841	346	874	350
Lexi	922	321	942	320	1024	305
Ariah	920	322	1007	305	1045	298
Fatima	915	323	1033	300	1065	296
Jennifer	915	323	1048	295	1160	268
Kehlani	912	324	597	456	322	655
Alani	904	325	705	405	636	445
Ariyah	903	326	744	388	709	416
Luciana	902	327	782	368	739	403
Allie	901	328	990	309	1038	299
Heidi	898	329	853	341	889	344
Maci	897	330	999	307	1190	261
Phoenix	893	331	856	340	725	410
Felicity	892	332	935	323	918	336
Joy	890	333	961	314	949	332
Kenzie	883	334	840	347	989	317
Veronica	881	335	820	353	810	382
Margot	877	336	859	338	744	402
Addilyn	871	337	823	352	1037	300
Lana	868	338	844	345	847	364
Cassidy	864	339	999	307	1121	279
Remington	862	340	758	383	702	419
Saylor	862	340	739	390	728	408
Ryan	860	341	773	374	686	425
Keira	859	342	987	310	1036	301
Harlow	858	343	797	361	785	389
Miranda	858	343	938	322	1138	270
Angel	849	344	920	328	1010	309
Amanda	844	345	958	315	998	312
Daniella	839	346	929	325	989	317
Royalty	836	347	752	385	583	475
Gwendolyn	835	348	817	354	825	375
Ophelia	831	349	763	380	532	506
Heaven	829	350	962	313	998	312
Jordan	828	351	886	333	1120	280
Madeleine	828	351	847	343	955	329
Esmeralda	826	352	820	353	868	353
Kira	822	353	820	353	880	348
Miracle	819	354	837	348	866	355
Elle	812	355	831	350	833	373
Amari	810	356	746	387	699	421
Danielle	809	357	912	329	991	315
Daphne	806	358	812	357	818	379
Willa	806	358	696	407	688	423
Haley	802	359	941	321	1010	309
Gia	799	360	780	369	872	351
Kaitlyn	796	361	934	324	996	314
Oakley	794	362	656	422	534	505
Kailani	793	363	484	519	378	606
Winter	792	364	708	403	617	455
Alicia	786	365	867	336	864	356
Serena	777	366	765	378	718	413
Nadia	776	367	780	369	913	338
Aviana	774	368	688	411	843	368
Demi	774	368	639	431	550	495
Jada	773	369	746	387	834	372
Braelynn	772	370	800	360	806	383
Dylan	771	371	892	331	841	369
Ainsley	768	372	901	330	967	326
Alison	767	373	813	356	972	325
Camryn	767	373	754	384	817	380
Avianna	765	374	648	426	709	416
Bianca	764	375	830	351	852	361
Skyler	762	376	814	355	908	340
Scarlet	759	377	784	367	862	357
Maddison	757	378	878	335	984	319
Nylah	756	379	716	400	803	385
Sarai	753	380	720	398	645	442
Regina	751	381	762	381	734	407
Dahlia	750	382	793	363	846	365
Nayeli	748	383	629	438	670	433
Raven	747	384	707	404	632	447
Helen	745	385	760	382	815	381
Adrianna	743	386	831	350	951	331
Averie	742	387	786	366	784	390
Skye	741	388	746	387	795	387
Kelsey	738	389	786	366	856	359
Tatum	738	389	711	402	770	393
Kensley	737	390	647	427	595	469
Maliyah	736	391	789	364	756	399
Erin	735	392	777	371	925	335
Viviana	735	392	771	375	723	411
Jenna	734	393	806	358	888	345
Anaya	733	394	767	377	836	370
Carolina	733	394	719	399	772	391
Shelby	732	395	835	349	981	321
Sabrina	731	396	736	392	878	349
Mikayla	730	397	794	362	824	376
Annalise	729	398	794	362	820	378
Octavia	727	399	505	506	257	715
Lennon	724	400	707	404	654	438
Blair	723	401	612	448	595	469
Carmen	723	401	774	373	823	377
Yaretzi	723	401	777	371	679	429
Kennedi	722	402	715	401	798	386
Mabel	722	402	702	406	605	462
Zariah	721	403	708	403	713	415
Kyla	720	404	805	359	885	346
Christina	719	405	777	371	847	364
Selah	719	405	693	408	683	427
Celeste	718	406	674	414	630	449
Eve	716	407	729	395	702	419
Mckinley	716	407	728	396	758	398
Milani	716	407	538	485	451	554
Frances	715	408	726	397	721	412
Jimena	712	409	776	372	830	374
Kylee	711	410	857	339	1075	292
Leighton	710	411	667	418	756	399
Katie	707	412	776	372	894	343
Aitana	704	413	422	561	564	486
Kayleigh	698	414	787	365	954	330
Sierra	693	415	702	406	768	394
Kathryn	692	416	746	387	836	370
Rosemary	690	417	691	409	735	406
Jolene	688	418	690	410	543	499
Alondra	687	419	845	344	845	366
Elisa	687	419	616	445	632	447
Helena	681	420	604	451	599	467
Charleigh	680	421	670	416	620	453
Hallie	679	422	594	458	535	504
Lainey	677	423	613	447	576	479
Avah	675	424	517	498	403	586
Jazlyn	675	424	660	421	600	466
Kamryn	674	425	777	371	861	358
Mira	672	426	660	421	575	480
Cheyenne	670	427	739	390	805	384
Francesca	668	428	738	391	765	395
Antonella	661	429	468	529	370	613
Wren	661	429	672	415	594	470
Chelsea	659	430	814	355	930	334
Amber	658	431	779	370	869	352
Emory	654	432	465	531	448	557
Lorelei	654	432	683	412	715	414
Nia	654	432	630	437	734	407
Abby	653	433	696	407	726	409
April	653	433	693	408	824	376
Emelia	653	433	568	468	531	507
Carter	652	434	599	454	702	419
Aylin	651	435	738	391	762	397
Cataleya	651	435	639	431	606	461
Bethany	650	436	624	441	691	422
Marlee	650	436	642	429	704	418
Carly	647	437	691	409	805	384
Kaylani	647	437	435	550	375	609
Emely	646	438	743	389	649	439
Liana	643	439	627	439	684	426
Madelynn	642	440	690	410	673	432
Cadence	639	441	747	386	867	354
Matilda	635	442	598	455	629	450
Sylvia	631	443	644	428	621	452
Myra	629	444	615	446	563	487
Fernanda	627	445	733	394	687	424
Oaklyn	627	445	434	551	162	808
Elianna	626	446	617	444	540	502
Hattie	624	447	651	425	617	455
Dayana	622	448	543	483	497	522
Kendra	622	448	735	393	958	328
Maisie	622	448	595	457	541	501
Malaysia	622	448	654	423	686	425
Kara	616	449	608	450	625	451
Katelyn	616	449	764	379	868	353
Maia	614	450	639	431	543	499
Celine	613	451	575	464	492	526
Cameron	612	452	575	464	587	472
Renata	611	453	683	412	575	480
Jayleen	609	454	662	420	718	413
Charli	608	455	529	491	474	539
Emmalyn	608	455	647	427	594	470
Holly	608	455	630	437	589	471
Azalea	607	456	520	496	523	509
Leona	607	456	561	473	506	518
Alejandra	605	457	617	444	721	412
Bristol	605	457	638	432	587	472
Collins	604	458	494	515	452	553
Imani	603	459	573	466	575	480
Meadow	602	460	388	588	425	573
Alexia	600	461	768	376	867	354
Edith	599	462	653	424	640	444
Kaydence	599	462	634	435	848	363
Leslie	597	463	702	406	803	385
Lilith	597	463	636	433	582	476
Kora	596	464	503	508	433	567
Aisha	595	465	560	474	618	454
Meredith	595	465	627	439	587	472
Danna	593	466	580	461	608	459
Wynter	591	467	475	524	398	590
Emberly	589	468	469	528	195	775
Julieta	588	469	497	514	471	542
Michaela	588	469	604	451	673	432
Alayah	586	470	575	464	578	478
Jemma	586	470	494	515	488	530
Reign	586	470	407	572	345	635
Colette	585	471	582	460	675	431
Kaliyah	585	471	505	506	497	522
Elliott	583	472	580	461	472	541
Johanna	582	473	561	473	562	488
Remy	581	474	502	509	396	591
Sutton	581	474	500	511	433	567
Emmy	580	475	493	516	478	536
Virginia	578	476	610	449	602	464
Briana	572	477	679	413	723	411
Oaklynn	572	477	304	654	102	868
Adelina	566	478	616	445	625	451
Everlee	566	478	364	604	262	710
Megan	564	479	626	440	747	401
Angelica	562	480	571	467	620	453
Justice	561	481	623	442	669	434
Mariam	561	481	554	478	569	483
Khaleesi	560	482	467	530	373	611
Macie	558	483	641	430	676	430
Karsyn	557	484	533	487	453	552
Alanna	556	485	564	471	552	494
Aleah	556	485	613	447	701	420
Mae	556	485	459	535	531	507
Mallory	556	485	558	475	738	404
Esme	552	486	513	501	429	570
Skyla	552	486	547	482	566	485
Madilynn	551	487	555	477	597	468
Charley	550	488	610	449	559	490
Allyson	549	489	638	432	771	392
Hanna	549	489	574	465	584	474
Shiloh	548	490	516	499	495	523
Henley	547	491	598	455	607	460
Macy	547	491	565	470	629	450
Maryam	545	492	647	427	562	488
Ivanna	544	493	577	463	535	504
Ashlynn	543	494	617	444	763	396
Lorelai	539	495	564	471	479	535
Amora	538	496	413	569	259	713
Ashlyn	538	496	660	421	835	371
Sasha	536	497	602	452	585	473
Baylee	535	498	578	462	630	449
Beatrice	535	498	548	481	559	490
Itzel	532	499	635	434	656	437
Priscilla	532	499	590	459	667	435
Marie	530	500	453	539	531	507
Jayda	529	501	519	497	514	515
Liberty	529	501	531	489	576	479
Rory	529	501	532	488	467	544
Alessia	528	502	473	525	345	635
Alaia	524	503	460	534	486	531
Janelle	524	503	621	443	666	436
Kalani	523	504	568	468	431	569
Gloria	521	505	541	484	566	485
Sloan	519	506	497	514	516	513
Dorothy	517	507	504	507	453	552
Greta	517	507	465	531	473	540
Julie	516	508	601	453	646	441
Zahra	516	508	455	537	432	568
Savanna	515	509	535	486	571	482
Annabella	514	510	669	417	750	400
Poppy	513	511	425	558	382	603
Amalia	510	512	494	515	363	618
Zaylee	508	513	406	573	350	631
Cecelia	507	514	582	460	576	479
Coraline	507	514	511	503	500	521
Kimber	506	515	498	513	515	514
Emmie	505	516	424	559	305	670
Anne	504	517	522	495	561	489
Karina	504	517	563	472	631	448
Kassidy	504	517	612	448	618	454
Kynlee	502	518	557	476	367	616
Monroe	500	519	427	556	417	578
Anahi	496	520	482	520	536	503
Jaliyah	496	520	481	521	493	525
Jazmin	496	520	590	459	706	417
Maren	495	521	464	532	291	683
Monica	495	521	472	526	519	511
Siena	495	521	454	538	476	538
Marilyn	494	522	582	460	633	446
Reyna	494	522	454	538	439	563
Kyra	491	523	506	505	573	481
Lilian	491	523	506	505	557	492
Jamie	488	524	494	515	625	451
Melany	488	524	632	436	550	495
Alaya	485	525	448	542	406	584
Ariya	485	525	458	536	427	571
Kelly	484	526	502	509	603	463
Rosie	481	527	429	554	395	592
Adley	480	528	500	511	482	533
Dream	480	528	330	631	128	842
Jaylah	480	528	486	517	546	497
Laurel	480	528	502	509	456	550
Jazmine	478	529	512	502	580	477
Mina	477	530	410	571	383	602
Karla	476	531	553	479	553	493
Bailee	475	532	515	500	519	511
Aubrie	474	533	527	492	649	439
Katalina	472	534	454	538	349	632
Melina	471	535	486	517	490	528
Harlee	470	536	479	522	464	545
Elliot	469	537	494	515	474	539
Hayley	469	537	493	516	477	537
Elaine	468	538	507	504	494	524
Karen	468	538	552	480	615	457
Dallas	467	539	520	496	480	534
Irene	464	540	505	506	444	559
Lylah	464	540	458	536	417	578
Ivory	462	541	467	530	462	547
Chaya	461	542	420	563	405	585
Rosa	461	542	439	546	463	546
Aleena	460	543	561	473	611	458
Braelyn	459	544	663	419	643	443
Nola	458	545	378	596	350	631
Alma	455	546	455	537	391	595
Leyla	455	546	485	518	401	587
Pearl	455	546	453	539	548	496
Addyson	454	547	567	469	680	428
Roselyn	454	547	437	548	343	636
Lacey	453	548	501	510	636	445
Lennox	453	548	440	545	396	591
Reina	453	548	402	577	331	647
Aurelia	450	549	434	551	432	568
Noa	448	550	392	584	392	594
Janiyah	447	551	499	512	552	494
Jessie	447	551	450	540	460	548
Madisyn	447	551	511	503	576	479
Saige	447	551	476	523	485	532
Alia	445	552	460	534	449	556
Tiana	445	552	450	540	476	538
Astrid	443	553	401	578	363	618
Cassandra	443	553	497	514	544	498
Kyleigh	442	554	525	493	647	440
Romina	442	554	341	622	321	656
Stevie	442	554	412	570	343	636
Haylee	441	555	520	496	520	510
Zelda	440	556	455	537	424	574
Lillie	439	557	440	545	492	526
Aileen	436	558	455	537	500	521
Brylee	436	558	525	493	600	466
Eileen	436	558	421	562	389	597
Yara	434	559	264	691	177	793
Ensley	432	560	271	684	76	894
Lauryn	432	560	531	489	585	473
Giuliana	430	561	532	488	563	487
Livia	430	561	385	590	400	588
Anya	429	562	471	527	513	516
Mikaela	429	562	401	578	486	531
Palmer	429	562	246	708	241	730
Lyra	428	563	396	582	297	678
Mara	428	563	438	547	425	573
Marina	427	564	401	578	429	570
Kailey	426	565	453	539	505	519
Liv	426	565	435	550	413	580
Clementine	425	566	381	593	387	599
Kenna	422	567	404	575	443	560
Briar	420	568	397	581	354	627
Emerie	419	569	410	571	387	599
Galilea	419	569	530	490	594	470
Tiffany	418	570	517	498	558	491
Bonnie	417	571	414	568	311	665
Elyse	417	571	428	555	417	578
Cynthia	416	572	461	533	550	495
Frida	416	572	416	567	354	627
Kinslee	416	572	455	537	384	601
Tatiana	414	573	410	571	387	599
Joelle	413	574	436	549	363	618
Armani	412	575	440	545	449	556
Jolie	412	575	437	548	433	567
Nalani	412	575	335	627	269	703
Rayna	412	575	391	585	435	566
Yareli	412	575	353	611	351	630
Meghan	411	576	163	790	202	768
Rebekah	411	576	498	513	527	508
Addilynn	410	577	416	567	489	529
Faye	410	577	403	576	349	632
Zariyah	410	577	389	587	396	591
Lea	408	578	336	626	420	575
Aliza	407	579	425	558	424	574
Julissa	407	579	442	544	503	520
Lilyana	406	580	446	543	442	561
Anika	403	581	500	511	517	512
Kairi	401	582	352	612	347	634
Aniya	400	583	385	590	432	568
Noemi	399	584	369	601	362	619
Angie	396	585	458	536	480	534
Crystal	395	586	455	537	542	500
Bridget	394	587	434	551	508	517
Ari	393	588	338	624	277	696
Davina	391	589	313	645	273	700
Amelie	390	590	423	560	443	560
Amirah	390	590	449	541	400	588
Annika	390	590	406	573	454	551
Elora	390	590	382	592	376	608
Xiomara	390	590	319	640	259	713
Linda	389	591	405	574	437	564
Hana	387	592	352	612	335	643
Laney	387	592	438	547	369	614
Mercy	385	593	356	608	359	622
Hadassah	382	594	394	583	445	558
Madalyn	382	594	449	541	490	528
Louisa	381	595	372	599	347	634
Simone	381	595	374	598	381	604
Kori	380	596	426	557	474	539
Jillian	379	597	524	494	601	465
Alena	377	598	464	532	470	543
Malaya	377	598	410	571	441	562
Miley	376	599	288	667	253	719
Milan	375	600	381	593	379	605
Sariyah	375	600	314	644	297	678
Malani	371	601	289	666	209	761
Clarissa	370	602	431	552	453	552
Nala	370	602	358	606	363	618
Princess	370	602	379	595	373	611
Amani	369	603	362	605	398	590
Analia	369	603	319	640	382	603
Estella	368	604	348	615	304	671
Milana	366	605	418	565	395	592
Aya	365	606	350	613	325	652
Chana	360	607	319	640	373	611
Jayde	360	607	455	537	442	561
Tenley	360	607	375	597	568	484
Zaria	360	607	353	611	349	632
Itzayana	359	608	297	658	368	615
Penny	359	608	357	607	419	576
Ailani	358	609	277	678	300	675
Lara	358	609	364	604	378	606
Aubriella	357	610	328	632	307	668
Clare	357	610	315	643	394	593
Lina	357	610	374	598	335	643
Rhea	357	610	316	642	287	687
Bria	356	611	398	580	367	616
Thalia	356	611	349	614	352	629
Keyla	355	612	347	616	427	571
Haisley	354	613	227	727	101	869
Ryann	354	613	350	613	345	635
Addisyn	353	614	460	534	500	521
Amaia	353	614	252	702	189	781
Chanel	353	614	390	586	450	555
Ellen	353	614	383	591	449	556
Harmoni	353	614	281	674	271	702
Aliana	352	615	327	633	377	607
Tinsley	352	615	323	637	279	694
Landry	351	616	345	618	327	650
Paisleigh	351	616	323	637	206	764
Lexie	348	617	350	613	383	602
Myah	348	617	368	602	443	560
Rylan	348	617	344	619	373	611
Deborah	347	618	355	609	349	632
Emilee	347	618	323	637	410	581
Laylah	347	618	389	587	433	567
Novalee	347	618	296	659	286	688
Ellis	346	619	380	594	336	642
Emmeline	346	619	369	601	361	620
Avalynn	344	620	341	622	320	657
Hadlee	344	620	318	641	395	592
Legacy	344	620	278	677	253	719
Braylee	343	621	419	564	480	534
Elisabeth	343	621	358	606	426	572
Kaylie	343	621	399	579	500	521
Ansley	342	622	362	605	410	581
Dior	342	622	170	783	158	812
Paula	342	622	319	640	348	633
Belen	341	623	368	602	374	610
Corinne	341	623	327	633	355	626
Maleah	341	623	364	604	377	607
Martha	341	623	374	598	392	594
Teresa	341	623	396	582	436	565
Salma	340	624	362	605	385	600
Louise	339	625	338	624	313	663
Averi	338	626	355	609	356	625
Lilianna	338	626	394	583	418	577
Amiya	337	627	380	594	389	597
Milena	337	627	325	635	407	583
Royal	337	627	417	566	474	539
Aubrielle	335	628	387	589	379	605
Calliope	335	628	335	627	291	683
Frankie	335	628	321	638	283	690
Natasha	333	629	355	609	388	598
Kamilah	332	630	237	717	223	747
Meilani	332	630	294	661	263	709
Raina	332	630	354	610	345	635
Amayah	331	631	319	640	274	699
Lailah	331	631	343	620	401	587
Rayne	331	631	318	641	289	685
Zaniyah	331	631	336	626	321	656
Isabela	330	632	333	629	351	630
Nathalie	330	632	378	596	435	566
Miah	329	633	344	619	476	538
Opal	329	633	321	638	260	712
Kenia	328	634	405	574	451	554
Azariah	327	635	327	633	361	620
Hunter	327	635	381	593	338	641
Tori	327	635	346	617	361	620
Andi	326	636	319	640	324	653
Keily	326	636	216	738	240	731
Leanna	326	636	381	593	355	626
Scarlette	326	636	340	623	415	579
Jaelyn	325	637	402	577	491	527
Saoirse	325	637	275	680	277	696
Selene	325	637	289	666	202	768
Dalary	323	638	334	628	323	654
Lindsey	323	638	313	645	364	617
Marianna	323	638	371	600	340	639
Ramona	323	638	302	655	287	687
Estelle	322	639	344	619	342	637
Giovanna	322	639	331	630	363	618
Holland	322	639	277	678	320	657
Nancy	322	639	312	646	308	667
Emmalynn	321	640	302	655	332	646
Mylah	321	640	279	676	225	745
Rosalee	321	640	254	700	246	725
Sariah	320	641	372	599	324	653
Zoie	320	641	323	637	312	664
Blaire	319	642	292	663	287	687
Lyanna	319	642	318	641	216	754
Maxine	319	642	310	648	308	667
Anais	318	643	232	722	224	746
Dana	318	643	278	677	321	656
Judith	318	643	320	639	314	662
Kiera	318	643	358	606	392	594
Jaelynn	316	644	358	606	444	559
Noor	316	644	312	646	308	667
Kai	315	645	337	625	320	657
Adalee	314	646	195	758	218	752
Oaklee	314	646	278	677	208	762
Amaris	313	647	316	642	378	606
Jaycee	313	647	337	625	399	589
Belle	312	648	336	626	293	681
Carolyn	312	648	324	636	352	629
Della	312	648	250	704	248	723
Karter	312	648	348	615	408	582
Sky	312	648	334	628	364	617
Treasure	312	648	271	684	262	710
Vienna	312	648	298	657	292	682
Jewel	311	649	331	630	296	679
Rivka	311	649	342	621	334	644
Rosalyn	311	649	297	658	281	692
Alannah	310	650	291	664	318	659
Ellianna	310	650	278	677	302	673
Sunny	310	650	264	691	212	758
Claudia	309	651	325	635	373	611
Cara	307	652	318	641	352	629
Hailee	307	652	310	648	290	684
Estrella	306	653	283	672	351	630
Harleigh	306	653	310	648	286	688
Zhavia	306	653				
Alianna	305	654	241	713	264	708
Brittany	305	654	401	578	571	482
Jaylene	305	654	337	625	384	601
Journi	305	654	223	731	196	774
Marissa	304	655	430	553	505	519
Mavis	304	655	340	623	360	621
Iliana	303	656	293	662	334	644
Jurnee	303	656	279	676	258	714
Aislinn	302	657	233	721	277	696
Alyson	302	657	324	636	355	626
Elsa	302	657	424	559	477	537
Kamiyah	302	657	246	708	255	717
Kiana	302	657	283	672	326	651
Lisa	302	657	307	651	342	637
Arlette	301	658	234	720	254	718
Kadence	301	658	402	577	410	581
Kathleen	301	658	312	646	339	640
Halle	300	659	276	679	278	695
Erika	298	660	365	603	383	602
Sylvie	298	660	262	692	282	691
Adele	296	661	345	618	444	559
Erica	296	661	326	634	355	626
Veda	296	661	315	643	319	658
Whitney	296	661	328	632	375	609
Bexley	295	662	286	669	276	697
Emmaline	295	662	298	657	312	664
Guadalupe	295	662	391	585	459	549
August	294	663	256	698	227	743
Brynleigh	294	663	233	721	207	763
Gwen	294	663	316	642	372	612
Promise	294	663	239	715	213	757
Alisson	293	664	257	697	262	710
India	293	664	302	655	263	709
Madalynn	293	664	330	631	354	627
Paloma	293	664	302	655	290	684
Patricia	293	664	305	653	385	600
Samira	293	664	261	693	239	732
Aliya	291	665	287	668	332	646
Casey	291	665	292	663	326	651
Jazlynn	291	665	281	674	348	633
Paulina	291	665	311	647	368	615
Dulce	290	666	358	606	379	605
Kallie	289	667	324	636	332	646
Perla	289	667	344	619	407	583
Adrienne	288	668	287	668	340	639
Alora	288	668	258	696	228	742
Nataly	288	668	286	669	355	626
Ayleen	287	669	335	627	361	620
Christine	287	669	348	615	388	598
Kaiya	287	669	274	681	290	684
Ariadne	286	670	353	611	389	597
Karlee	286	670	330	631	368	615
Barbara	285	671	296	659	328	649
Lillianna	285	671	311	647	316	660
Raquel	285	671	308	650	333	645
Saniyah	285	671	246	708	235	735
Yamileth	285	671	261	693	295	680
Arely	283	672	280	675	370	613
Celia	283	672	324	636	341	638
Heavenly	283	672	306	652	348	633
Kaylin	283	672	281	674	356	625
Marisol	282	673	250	704	291	683
Marleigh	282	673	297	658	296	679
Avalyn	281	674	294	661	265	707
Berkley	281	674	210	744	229	741
Kataleya	279	675	227	727	206	764
Zainab	279	675	308	650	301	674
Dani	278	676	244	710	242	729
Egypt	278	676	267	688	254	718
Joyce	278	676	325	635	385	600
Kenley	278	676	368	602	369	614
Annabel	277	677	347	616	408	582
Kaelyn	277	677	333	629	390	596
Etta	276	678	260	694	257	715
Hadleigh	276	678	293	662	319	658
Joselyn	276	678	333	629	387	599
Luella	276	678	293	662	206	764
Jaylee	275	679	321	638	357	624
Zola	275	679	238	716	186	784
Alisha	274	680	313	645	269	703
Ezra	274	680	206	748	200	770
Queen	274	680	236	718	198	772
Amia	273	681	319	640	355	626
Annalee	273	681	290	665	315	661
Bellamy	273	681	249	705	233	737
Paola	273	681	331	630	338	641
Tinley	273	681	328	632	358	623
Violeta	273	681	257	697	246	725
Jenesis	272	682	233	721	236	734
Arden	271	683	229	725	275	698
Giana	271	683	314	644	288	686
Wendy	270	684	230	724	328	649
Ellison	269	685	270	685	298	677
Florence	269	685	266	689	247	724
Margo	269	685	236	718	254	718
Naya	269	685	273	682	330	648
Robin	269	685	255	699	238	733
Sandra	269	685	300	656	320	657
Scout	269	685	254	700	234	736
Waverly	269	685	255	699	225	745
Janessa	268	686	302	655	312	664
Jayden	268	686	283	672	390	596
Micah	268	686	266	689	278	695
Novah	268	686	181	772	149	821
Zora	268	686	204	750	164	806
Ann	267	687	255	699	265	707
Jana	267	687	292	663	301	674
Taliyah	267	687	295	660	351	630
Vada	265	688	266	689	307	668
Giavanna	264	689	241	713	224	746
Ingrid	264	689	281	674	321	656
Valery	264	689	234	720	241	730
Azaria	263	690	253	701	272	701
Emmarie	263	690	254	700	148	822
Esperanza	263	690	273	682	264	708
Kailyn	262	691	296	659	354	627
Aiyana	261	692	320	639	357	624
Keilani	261	692	189	764	168	802
Austyn	260	693	210	744	228	742
Whitley	260	693	258	696	251	721
Elina	259	694	209	745	246	725
Kimora	259	694	272	683	247	724
Maliah	259	694	285	670	313	663
Paityn	259	694	279	676	318	659
